_pointList_
86, 86, 0
0, 0, 0
1, 1, 0
2, 2, 0
3, 3, 0
4, 4, 0
5, 5, 0
6, 6, 0
7, 7, 0
8, 8, 0
9, 9, 0
10, 10, 0
11, 11, 0
12, 12, 0
13, 13, 0
14, 14, 0
15, 15, 0
16, 16, 0
17, 17, 0
18, 18, 0
19, 19, 0
20, 20, 0
21, 21, 0
22, 22, 0
23, 23, 0
24, 24, 0
25, 25, 0
26, 26, 0
27, 27, 0
28, 28, 0
29, 29, 0
30, 30, 0
31, 31, 0
32, 32, 0
33, 33, 0
34, 34, 0
35, 35, 0
36, 36, 0
37, 37, 0
38, 38, 0
39, 39, 0
40, 40, 0
41, 41, 0
42, 42, 0
43, 43, 0
44, 44, 0
45, 45, 0
46, 46, 0
47, 47, 0
48, 48, 0
49, 49, 0
50, 50, 0
51, 51, 0
52, 52, 0
53, 53, 0
54, 54, 0
55, 55, 0
56, 56, 0
57, 57, 0
58, 58, 0
59, 59, 0
60, 60, 0
61, 61, 0
62, 62, 0
63, 63, 0
64, 64, 0
65, 65, 0
66, 66, 0
67, 67, 0
68, 68, 0
69, 69, 0
70, 70, 0
71, 71, 0
72, 72, 0
73, 73, 0
74, 74, 0
75, 75, 0
76, 76, 0
77, 77, 0
78, 78, 0
79, 79, 0
80, 80, 0
81, 81, 0
82, 82, 0
83, 83, 0
84, 84, 0
85, 85, 0
_name_
Outside
Technik
Gang
Keller
Keller
Keller
Keller
Keller
Gang UG
Lift UG
Treppenhaus UG
Schleuse
Meeting
Spindeltreppe
Windfang
Büro 1-a
Server
Teeküche
Gang
Vorraum
WC
Büro 1-b
Büro 1-c
Wendeltreppe
Treppenhaus EG
Gang EG
Lift EG
Galerie
Büro 1-d
Gang 1.OG
Treppenhaus 1.OG
Lift 1.OG
Bad
Küche
Wohnen/Essen
Wohnküche
WC
Bad
Vorraum
Lift 2.OG
Gang 2.OG
Treppenhaus 2.OG
Bad
Bad
Vorraum
Kochen/Essen
Wohnen/Schlafen
Balkon
Vorraum
Büro
Kochen/Essen
Bad
WC
Balkon
Wohnen/Schlafen
Kochen/Essen
Bad
Balkon
Vorraum
Bad
Kochen/Essen
Wohnen/Schlafen
Balkon
Lift 3.OG
Treppenhaus 3.OG
Gang 3.OG
Gang 4.OG
Treppenhaus 4.OG
Lift 4.OG
Schrr.
Vorraum
Schlafen
Bad
Balkon
Zimmer
Zimmer
Bad
WC
Balkon
Abstellraum
Küche
Wohnen/Essen
Garage
Dachterrasse
Unterfahrt
Technik
Terrasse
_area_
100
7.68514
9.48824
1.96631
3.06406
4.90452
3.81814
3.15932
5.94377
2.10638
8.15882
9.14369
52.4015
2.01062
3.47169
58.0075
4.84887
1.87974
6.37454
1.9362
1.34679
25.4732
32.3853
2.16424
9.34612
4.82544
2.10638
25.9355
34.2384
7.20223
8.98565
2.10638
3.97414
4.46961
24.0098
29.7651
1.55139
3.84254
4.97479
2.10641
7.4496
9.47043
1.77207
2.60303
2.67812
7.26521
18.0848
3.531
4.90942
21.2365
8.28983
3.84254
1.55139
1.84555
20.5422
7.78736
4.22025
2.871
3.81974
4.63375
9.21981
22.415
2.475
2.10641
9.47043
7.4496
4.67704
6.72647
2.10641
3.28446
16.203
19.3052
8.38681
2.871
9.50691
12.2711
2.71056
1.15857
2.475
2.43503
0
0
279.081
21.8187
1.97425
0
19.2158
_connection_
1, 2
2, 1
2, 3
2, 3
2, 4
2, 6
2, 6
2, 8
3, 2
3, 2
4, 2
6, 2
6, 2
8, 2
8, 9
8, 11
9, 8
9, 25
10, 25
11, 8
13, 23
13, 27
14, 0
15, 16
15, 16
16, 15
16, 15
16, 17
17, 16
18, 19
19, 18
19, 20
20, 19
21, 22
21, 27
21, 86
22, 21
22, 86
23, 13
24, 25
24, 30
25, 10
25, 9
25, 24
26, 29
27, 13
27, 21
27, 29
29, 27
29, 26
29, 34
29, 38
30, 24
31, 39
34, 29
35, 37
37, 35
38, 29
39, 31
39, 63
40, 46
40, 48
42, 43
42, 44
42, 46
43, 42
43, 44
44, 43
44, 42
45, 46
46, 45
46, 40
46, 42
48, 40
49, 50
50, 49
54, 65
58, 65
63, 39
63, 66
65, 58
65, 54
66, 63
66, 70
69, 71
70, 66
70, 75
71, 69
71, 72
72, 71
75, 70
75, 76
76, 75
86, 22
86, 21
_sections_
-2
0
0
0
0
-1
0
-1
0
0
0
0
-1
4
1
2
2
2
3
3
3
4
4
4
0
0
4
4
-1
4
0
5
-1
-1
4
6
-1
6
4
5
7
-1
7
7
7
7
7
-1
7
8
8
-1
-1
-1
9
-1
-1
-1
9
-1
-1
-1
-1
5
-1
9
5
-1
-1
10
5
10
10
-1
-1
5
5
-1
-1
-1
-1
-1
-1
-1
-1
-1
4
