_pointList_
140, 140, 0
0, 0, 0
1, 1, 0
2, 2, 0
3, 3, 0
4, 4, 0
5, 5, 0
6, 6, 0
7, 7, 0
8, 8, 0
9, 9, 0
10, 10, 0
11, 11, 0
12, 12, 0
13, 13, 0
14, 14, 0
15, 15, 0
16, 16, 0
17, 17, 0
18, 18, 0
19, 19, 0
20, 20, 0
21, 21, 0
22, 22, 0
23, 23, 0
24, 24, 0
25, 25, 0
26, 26, 0
27, 27, 0
28, 28, 0
29, 29, 0
30, 30, 0
31, 31, 0
32, 32, 0
33, 33, 0
34, 34, 0
35, 35, 0
36, 36, 0
37, 37, 0
38, 38, 0
39, 39, 0
40, 40, 0
41, 41, 0
42, 42, 0
43, 43, 0
44, 44, 0
45, 45, 0
46, 46, 0
47, 47, 0
48, 48, 0
49, 49, 0
50, 50, 0
51, 51, 0
52, 52, 0
53, 53, 0
54, 54, 0
55, 55, 0
56, 56, 0
57, 57, 0
58, 58, 0
59, 59, 0
60, 60, 0
61, 61, 0
62, 62, 0
63, 63, 0
64, 64, 0
65, 65, 0
66, 66, 0
67, 67, 0
68, 68, 0
69, 69, 0
70, 70, 0
71, 71, 0
72, 72, 0
73, 73, 0
74, 74, 0
75, 75, 0
76, 76, 0
77, 77, 0
78, 78, 0
79, 79, 0
80, 80, 0
81, 81, 0
82, 82, 0
83, 83, 0
84, 84, 0
85, 85, 0
86, 86, 0
87, 87, 0
88, 88, 0
89, 89, 0
90, 90, 0
91, 91, 0
92, 92, 0
93, 93, 0
94, 94, 0
95, 95, 0
96, 96, 0
97, 97, 0
98, 98, 0
99, 99, 0
100, 100, 0
101, 101, 0
102, 102, 0
103, 103, 0
104, 104, 0
105, 105, 0
106, 106, 0
107, 107, 0
108, 108, 0
109, 109, 0
110, 110, 0
111, 111, 0
112, 112, 0
113, 113, 0
114, 114, 0
115, 115, 0
116, 116, 0
117, 117, 0
118, 118, 0
119, 119, 0
120, 120, 0
121, 121, 0
122, 122, 0
123, 123, 0
124, 124, 0
125, 125, 0
126, 126, 0
127, 127, 0
128, 128, 0
129, 129, 0
130, 130, 0
131, 131, 0
132, 132, 0
133, 133, 0
134, 134, 0
135, 135, 0
136, 136, 0
137, 137, 0
138, 138, 0
139, 139, 0
_name_
Outside
FLUR-01-1
Kellerraum-01-2
FLUR-02-1
Kellerraum-02-2
FLUR-03-1
Kellerraum-03-2
FLUR-04-1
Kellerraum-04-2
FLUR-05-1
Kellerraum-05-2
FLUR-06-1
Kellerraum-06-2
FLUR-07-1
Kellerraum-07-2
FLUR-08-1
Kellerraum-08-2
FLUR-09-1
Kellerraum-09-2
FLUR-10-1
Kellerraum-10-2
KELLERRAUM-01-1
KELLERRAUM-02-1
KELLERRAUM-03-1
KELLERRAUM-04-1
KELLERRAUM-05-1
KELLERRAUM-06-1
KELLERRAUM-07-1
KELLERRAUM-08-1
KELLERRAUM-09-1
KELLERRAUM-10-1
Flur-01-2
WC-01-1
WOHNEN / KOCHEN-01-1
FLUR-02-2
WC-02-1
WOHNEN / KOCHEN-02-1
Flur-03-2
WC-03-1
WOHNEN / KOCHEN-03-1
FLUR-04-2
WC-04-1
WOHNEN / KOCHEN-04-1
FLUR-05-2
WC-05-1
WOHNEN / KOCHEN-05-1
Flur-06-2
WC-06-1
WOHNEN / KOCHEN-06-1
FLUR-07-2
WC-07-1
WOHNEN / KOCHEN-07-1
Flur-08-2
WC-08-1
WOHNEN / KOCHEN-08-1
FLUR-10-2
WC-09-1
WOHNEN / KOCHEN-09-1
FLUR-10-2
WC-10-1
WOHNEN / KOCHEN-5-1
FLUR-1-3 (BAD / WC-1-1
Automatic Space: 61.000000
BAD / WC-2-1 (FLUR-2-3
Automatic Space: 63.000000
BAD / WC-3-1 (FLUR-3-3
Automatic Space: 65.000000
FLUR-4-3
BAD / WC-4-1
FLUR-5-3
BAD / WC-5-1
FLUR-1-3
BAD / WC-1-1
BAD / WC-2-1 (FLUR-2-3
Automatic Space: 73.000000
BAD / WC-3-1 (FLUR-3-3
Automatic Space: 75.000000
BAD / WC-4-1 (FLUR-4-3
Automatic Space: 77.000000
BAD / WC-5-1 (FLUR-5-3
Automatic Space: 79.000000
ZIMMER-1-1
ZIMMER-1-2
ZIMMER-2-1
ZIMMER-2-2
ZIMMER-3-1
ZIMMER-3-2
ZIMMER-4-1
ZIMMER-4-2
ZIMMER-5-1
ZIMMER-5-2
ZIMMER-1-1
ZIMMER-1-2
ZIMMER-2-1
ZIMMER-2-2
ZIMMER-3-1
ZIMMER-3-2
ZIMMER-4-1
ZIMMER-4-2
ZIMMER-5-1
ZIMMER-5-2
FLUR-1-4
BAD / WC-1-1
FLUR-2-4
BAD / WC-2-1
FLUR-3-4
BAD / WC-3-1
FLUR-4-4
BAD / WC-4-1
FLUR-5-4
BAD / WC-5-1
FLUR-1-4
BAD / WC-1-1
FLUR-2-4
BAD / WC-2-1
FLUR-3-4
BAD / WC-3-1
FLUR-4-4
BAD / WC-4-1
FLUR-5-4
BAD / WC-5-1
ZIMMER-1-3
ZIMMER-1-4
ZIMMER-2-3
ZIMMER-2-4
ZIMMER-3-3
ZIMMER-3-4
ZIMMER-4-3
ZIMMER-4-4
ZIMMER-5-3
ZIMMER-5-4
ZIMMER-1-3
ZIMMER-1-4
ZIMMER-2-3
ZIMMER-2-4
ZIMMER-3-3
ZIMMER-3-4
ZIMMER-4-3
ZIMMER-4-4
ZIMMER-5-3
ZIMMER-5-4
_area_
100
9.2961
4.72365
9.2961
4.72365
9.2961
4.72365
9.2961
4.72365
9.2961
4.72365
9.2961
4.72365
9.2961
4.72365
9.2961
4.72365
9.2961
4.72365
9.2961
4.72365
30.4186
30.4186
30.4186
30.4186
30.4186
30.4186
30.4186
30.4186
30.4186
30.4186
7.24705
1.84792
35.6036
7.2487
1.84834
35.6015
7.24705
1.84792
35.632
7.24705
1.84792
35.6036
7.24705
1.84792
35.6036
7.24706
1.84792
35.6036
7.2487
1.84834
35.6015
7.24706
1.84792
35.632
7.24706
1.84792
35.6036
7.24705
1.84792
35.6036
10.9264
6.16469
10.8761
6.21494
10.8259
6.26519
9.29597
4.72378
9.29732
4.72243
9.29597
4.72378
10.6263
5.44939
9.29597
4.72378
9.29597
4.72378
9.29732
4.72243
15.0833
15.0836
15.0833
15.0836
15.0833
15.0836
15.0833
15.0836
15.0833
15.0836
15.0833
15.0836
15.0821
15.0832
15.0833
15.0836
15.0833
15.0836
15.0833
15.0836
10.1063
3.91347
10.1063
3.91349
10.1063
3.91347
10.1063
3.91347
10.1063
3.91347
10.1063
3.91347
10.1063
3.91349
10.1063
3.91347
10.1063
3.91347
10.1063
3.91347
15.0813
15.0856
15.0813
15.0857
15.0813
15.0856
15.0813
15.0856
15.0813
15.0856
15.0813
15.0856
15.0813
15.0857
15.0813
15.0856
15.0813
15.0856
15.0813
15.0856
_connection_
1, 2
1, 21
1, 31
2, 1
3, 4
3, 22
3, 34
4, 3
5, 6
5, 23
5, 37
6, 5
7, 8
7, 24
7, 40
8, 7
9, 10
9, 25
9, 43
10, 9
11, 12
11, 26
11, 46
12, 11
13, 14
13, 27
13, 49
14, 13
15, 16
15, 28
15, 52
16, 15
17, 18
17, 29
17, 55
18, 17
19, 20
19, 30
19, 58
20, 19
21, 1
22, 3
23, 5
24, 7
25, 9
26, 11
27, 13
28, 15
29, 17
30, 19
31, 1
31, 32
31, 33
31, 61
31, 0
32, 31
33, 31
33, 0
33, 0
34, 3
34, 35
34, 36
34, 63
34, 0
35, 34
36, 34
36, 0
36, 0
37, 5
37, 38
37, 39
37, 65
37, 0
38, 37
39, 37
39, 0
39, 0
40, 7
40, 41
40, 42
40, 67
40, 0
41, 40
42, 40
42, 0
42, 0
43, 9
43, 44
43, 45
43, 69
43, 0
44, 43
45, 43
45, 0
45, 0
46, 11
46, 47
46, 48
46, 71
46, 0
47, 46
48, 46
48, 0
48, 0
49, 13
49, 50
49, 51
49, 73
49, 0
50, 49
51, 49
51, 0
51, 0
52, 15
52, 53
52, 54
52, 75
52, 0
53, 52
54, 52
54, 0
54, 0
55, 17
55, 56
55, 57
55, 77
55, 0
56, 55
57, 55
57, 0
57, 0
58, 19
58, 59
58, 60
58, 79
58, 0
59, 58
60, 58
60, 0
60, 0
61, 31
61, 62
61, 62
61, 81
61, 101
62, 61
62, 61
63, 34
63, 64
63, 64
63, 83
63, 103
64, 63
64, 63
65, 37
65, 66
65, 66
65, 85
65, 105
66, 65
66, 65
67, 40
67, 68
67, 87
67, 88
67, 107
68, 67
69, 43
69, 70
69, 89
69, 90
69, 109
70, 69
71, 46
71, 72
71, 91
71, 92
71, 111
72, 71
73, 49
73, 74
73, 93
73, 94
73, 113
74, 73
75, 52
75, 76
75, 95
75, 96
75, 115
76, 75
77, 55
77, 78
77, 97
77, 98
77, 117
78, 77
79, 58
79, 80
79, 99
79, 100
79, 119
80, 79
81, 61
83, 63
85, 65
87, 67
88, 67
89, 69
90, 69
91, 71
92, 71
93, 73
94, 73
95, 75
96, 75
97, 77
98, 77
99, 79
100, 79
101, 61
101, 102
101, 121
101, 122
102, 101
103, 63
103, 104
103, 123
103, 124
104, 103
105, 65
105, 106
105, 125
105, 126
106, 105
107, 67
107, 108
107, 127
107, 128
108, 107
109, 69
109, 110
109, 129
109, 130
110, 109
111, 71
111, 112
111, 131
111, 132
112, 111
113, 73
113, 114
113, 133
113, 134
114, 113
115, 75
115, 116
115, 135
115, 136
116, 115
117, 77
117, 118
117, 137
117, 138
118, 117
119, 79
119, 120
119, 139
119, 140
120, 119
121, 101
122, 101
123, 103
124, 103
125, 105
126, 105
127, 107
128, 107
129, 109
130, 109
131, 111
132, 111
133, 113
134, 113
135, 115
136, 115
137, 117
138, 117
139, 119
140, 119
_sections_
-2
0
0
1
1
2
2
3
3
4
4
5
5
6
6
7
7
8
8
9
9
0
1
2
3
4
5
6
7
8
9
0
0
0
1
1
1
2
2
2
3
3
3
4
4
4
5
5
5
6
6
6
7
7
7
8
8
8
9
9
9
0
0
1
1
2
2
3
3
4
4
5
5
6
6
7
7
8
8
9
9
0
-1
1
-1
2
-1
3
3
4
4
5
5
6
6
7
7
8
8
9
9
0
0
1
1
2
2
3
3
4
4
5
5
6
6
7
7
8
8
9
9
0
0
1
1
2
2
3
3
4
4
5
5
6
6
7
7
8
8
9
9
